20,109.608482
20.290906698750476,109.608482
20.586044732869844,109.6018552959442
20.885475648548283,109.58669297578847
21.189261887185914,109.56764224662133
21.49746679841394,109.54708398325093
21.810154653305165,109.52621860409366
22.12739065777668,109.50634484657915
22.449240966187475,109.48716652738153
22.77577269513385,109.46911286588343
23.107053937445478,109.45130393115522
23.44315377638505,109.43268071099955
23.784142300054445,109.41212989430707
24.130090616010463,109.38976280958602
24.481070866093134,109.36578091441866
24.837156241469714,109.34156300382435
25.1984209978975,109.31850636916465
25.56494047120865,109.29664426792579
25.936791093020236,109.27544350732089
26.3140504066728,109.25369130208323
26.69679708340074,109.2297393061404
27.08511093873791,109.20325414386058
27.47907294916184,109.173400102327
27.878765268980047,109.14091644994107
28.284271247461966,109.10686711566177
28.695675446220072,109.0733099142092
29.11306365684382,109.0418051580705
29.536522918790062,109.01344073888372
29.966141537533712,108.98738265118243
30.402009102982383,108.96016584114544
30.844216508158908,108.92872909718479
31.29285596815558,108.89352932830687
31.74802103936409,108.85551104542135
32.20980663898519,108.8158566262755
32.67830906482211,108.77466816225872
33.153626015361866,108.7322142521777
33.63585661014871,108.68986347262481
34.125101410453844,108.64930650926188
34.62146244024586,108.61020083283064
35.12504320746613,108.56992563379434
35.635948725613716,108.5266824736902
36.15428553564419,108.48168346103922
36.68016172818701,108.43710428502465
37.21368696608603,108.39284379190028
37.754972507267915,108.3470495733368
38.30413122794313,108.29974029427518
38.86127764614443,108.25253931444587
39.4265279456077,108.20619579758923
40.000000000000206,108.15879799999999
40.58181339750116,108.10802491493445
41.1720894657399,108.05530567393959
41.77095129709678,108.0030506125724
42.37852377437204,107.95158248570914
42.9949335968281,107.89944950130192
43.62030930661056,107.84589896639469
44.25478131555359,107.7900741382868
44.89848193237519,107.73210950684913
45.55154539026795,107.6742257814494
46.21410787489121,107.6192633522007
46.88630755277036,107.56500456045414
47.56828460010916,107.50631510739224
48.260181232021196,107.4437415388497
48.962141732186545,107.38268378157615
49.674312482939705,107.32218410158701
50.39684199579528,107.26075141976797
51.129880942417586,107.19915020515151
51.873582186040764,107.13789273004846
52.628100813345895,107.07496304528588
53.393594166801776,107.0073481268367
54.17022187747612,106.93818038913894
54.95814589832399,106.87604058884222
55.75753053796041,106.80822020209479
56.56854249492426,106.73728233248926
57.39135089244048,106.68496113108291
58.226127313687975,106.63840497156959
59.073045837580466,106.55148393860662
59.932283075067765,106.46515465488179
60.804018205965114,106.40549753752327
61.68843301631817,106.32082310426742
62.58571193631152,106.25349704166328
63.49604207872855,106.18826682935908
64.41961327797075,106.11136748272347
65.35661812964459,106.03814503277478
66.3072520307241,105.97219546093821
67.27171322029778,105.90424174452636
68.25020282090806,105.83129033509545
69.2429248804921,105.75340403166307
70.25008641493265,105.68202936263866
71.27189745122783,105.60862221455638
72.30857107128878,105.53229751162085
73.36032345637442,105.45478174119702
74.42737393217246,105.37578173018748
75.50994501453623,105.29930256618714
76.60826245588666,105.22242478983438
77.72255529228926,105.14375268012546
78.85305589121582,105.06051917100434
80.00000000000082,104.98189499999994
81.16362679500274,104.90104115970364
82.34417893148023,104.82215851521757
83.541902594194,104.74053009279288
84.75704754874454,104.6573041558823
85.98986719365665,104.57507795936446
87.24061861322157,104.49368565173631
88.50956263110764,104.4108885840656
89.79696386475084,104.32561284288406
91.10309078053635,104.24424745009333
92.42821574978288,104.16179621581975
93.77261510554118,104.07688810054346
95.13656920021877,103.98929870614363
96.52036246404286,103.90732282092378
97.92428346437356,103.82591201633494
99.34862496587989,103.73985875833498
100.79368399159105,103.65416494774772
102.25976188483567,103.56922647842839
103.74716437208203,103.48394613823508
105.25620162669229,103.39657799864004
106.78718833360406,103.31083647113306
108.34044375495276,103.22688273633783
109.9162917966485,103.13728342176739
111.51506107592134,103.05162424068735
113.13708498984903,102.96450188315602
114.78270178488147,102.87759461503067
116.45225462737648,102.79473887727977
118.14609167516147,102.70619069849961
119.86456615013608,102.62630470727278
121.60803641193078,102.53628831236536
123.3768660326369,102.44119231491692
125.17142387262359,102.35292563072386
126.99208415745765,102.26478281052646
128.83922655594208,102.17838730325046
130.71323625928977,102.09023281594229
132.61450406144883,101.99996109740277
134.5434264405962,101.91094895356302
136.50040564181674,101.82266110990078
138.48584976098482,101.73406009377162
140.50017282986593,101.6457585173875
142.5437949024563,101.5592513138474
144.61714214257822,101.4677143890571
146.7206469127495,101.37673868067172
148.8547478643456,101.28633423776583
151.01989002907314,101.19520781936254
153.216524911774,101.10304867652576
155.4451105845792,101.01050880740979
157.70611178243232,100.91688477740246
160.00000000000236,100.8222049999999
162.3272535900062,100.7309906227933
164.6883578629612,100.65006355476942
167.08380518838874,100.58505567099363
169.51409509748981,100.53829143663881
171.97973438731407,100.50521812364188
174.4812372264439,100.47178109421087
177.01912526221608,100.42361922386421
179.5939277295025,100.35487150785048
182.20618156107355,100.28931230652587
184.85643149956664,100.21501733777994
187.54523021108326,100.1365112153894
190.27313840043846,100.0539080839644
193.04072492808663,99.96929340378935
195.84856692874806,99.88773544172422
198.69724993176072,99.80698178376088
201.58736798318304,99.72515307961433
204.5195237696723,99.64517095185516
207.49432874416505,99.56552510782326
210.5124032533856,99.48525447221593
213.57437666720915,99.40605734941619
216.68088750990657,99.32699544486977
219.83258359329807,99.24965757345767
223.03012215184378,99.17247321719705
226.2741699796992,99.09772528995481
229.5654035697641,99.0245974179023
232.90450925475412,98.95194743564407
236.2921833503241,98.88295557305294
239.72913230027333,98.8085378951514
243.21607282386276,98.74638487190215
246.75373206527502,98.6841998977566
250.34284774524843,98.63001658982064
253.9841683149166,98.57860751568793
257.67845311188546,98.53141843028072
261.42647251858085,98.48180002215382
265.22900812289896,98.42761205790731
269.08685288119375,98.37259630182469
273.0008112836349,98.3148978531487
276.97169952197106,98.25142462466599
281.00034565973334,98.18932395634312
285.0875898049141,98.12499943065467
289.23428428515797,98.06177063321991
293.44129382550057,97.99712798195542
297.7094957286928,97.92484349003092
302.0397800581479,97.86082213112375
306.4330498235497,97.80146754102127
310.89022116916016,97.73872483142404
315.41222356486645,97.6736817152882
320.00000000000654,97.61202199999991
324.6545071800142,97.55094369498097
329.3767157259242,97.48832135354239
334.16761037677935,97.42923249315385
339.02819019498156,97.3690625454348
343.95946877463007,97.3099422568698
348.9624744528898,97.24917061958861
354.03825052443415,97.19270359601283
359.187855459007,97.13630307305539
364.4123631221491,97.07747799578011
369.71286299913527,97.02253452255746
375.0904604221685,96.96803970930885
380.54627680087896,96.92103941001095
386.08144985617537,96.88001768452425
391.6971338574982,96.8476811053822
397.3944998635236,96.81935730967541
403.1747359663683,96.7931893543635
409.0390475393468,96.763297027255
414.9886574883323,96.73007999355279
421.0248065067734,96.69362664458781
427.1487533344206,96.65527594686883
433.3617750198154,96.616389109732
439.6651671865984,96.57462249578195
446.06024430368984,96.53188003991583
452.54833995940066,96.49188360601123
459.13080713953053,96.45093435026342
465.8090185095106,96.40901862017446
472.58436670065066,96.37103783554535
479.45826460054917,96.3321715226858
486.432145647728,96.29391329888124
493.50746413055253,96.25736221856555
500.6856954904994,96.22324014696284
507.9683366298358,96.1884373152881
515.3569062237735,96.15691344410719
522.8529450371643,96.12051332932216
530.4580162458005,96.08876651177484
538.1737057623901,96.06112990514575
546.0016225672724,96.02880660708495
553.9433990439449,95.99865654008077
562.0006913194694,95.97205462538548
570.1751796098309,95.94629885935908
578.4685685703187,95.91821827367775
586.8825876510039,95.89388219986108
595.4189914573883,95.872606677265
604.0795601162986,95.85151950511253
612.8660996471021,95.82810535987083
621.780442338323,95.80690054533457
630.8244471297356,95.79116027477978
640.0000000000159,95.77332299999998
649.3090143600314,95.75791099582553
658.7534314518515,95.7485063867389
668.3352207535618,95.73104964682415
678.0563803899662,95.71903346377375
687.9189375492632,95.7080680035012
697.9249489057827,95.69991954003892
708.0765010488715,95.69114876325895
718.3757109180171,95.67659727387124
728.8247262443015,95.64392061151824
739.425725998274,95.55909230844419
750.1809208443404,95.45064388918233
761.0925536017613,95.49749934954544
772.1628997123541,95.557317746548
783.3942677149998,95.60033951265399
794.7889997270506,95.63374494151161
806.34947193274,95.65902447831887
818.0780950786972,95.68214582939821
829.9773149766683,95.70790495497955
842.0496130135506,95.73694933199614
854.2975066688449,95.77356867180804
866.7235500396347,95.81419099453556
879.3303343732008,95.85863772317548
892.1204886073838,95.9062025766053
905.0966799188055,95.9584359297539
918.2616142790653,96.01892804431827
931.6180370190256,96.08310043280879
945.1687334013056,96.15212016239549
958.9165292011028,96.22622629689212
972.8642912954606,96.30774641178758
987.0149282611097,96.39522220166789
1001.3713909810035,96.49157701554527
1015.9366732596762,96.589768926775
1030.7138124475518,96.69201501622994
1045.7058900743334,96.80395011393531
1060.916032491606,96.91974785458049
1076.3474115247852,97.03726420852443
1092.0032451345498,97.15852508518692
1107.8867980878947,97.28412674743582
1124.0013826389438,97.40978979011432
1140.350359219667,97.53799789404755
1156.9371371406426,97.66758254698219
1173.765175302013,97.79328327779174
1190.837982914782,97.91966186487029
1208.1591202326028,98.04581874884198
1225.73219929421,98.1688128688816
1243.5608846766518,98.28697916093705
1261.648894259477,98.40259093366146
1280.0000000000375,98.51496100000021
1298.6180287200684,98.62064597405764
1317.5068629037087,98.7263949239444
1336.6704415071292,98.82619755970588
1356.112760779938,98.92376684689862
1375.8378750985323,99.01782475956483
1395.8498978115715,99.10783275378849
1416.153002097749,99.19337418528275
1436.7514218360407,99.27688409551416
1457.6494524886093,99.35696141291626
1478.8514519965543,99.43645315763946
1500.3618416886875,99.51174616958112
1522.1851072035295,99.58883467268575
1544.3257994247153,99.66138817891223
1566.788535430007,99.73093909828357
1589.5779994541087,99.80116188014759
1612.6989438654878,99.8701500896723
1636.156190157402,99.93695951095374
1659.9546299533442,100.00306025159092
1684.099226027109,100.0682633613554
1708.5950133376978,100.1321265433093
1733.4471000792773,100.19423613232517
1758.6606687464096,100.2543495094572
1784.2409772147755,100.31455749876542
1810.193359837619,100.37228636839221
1836.5232285581387,100.42706610109722
1863.2360740380593,100.48157963613457
1890.3374668026197,100.53308518901366
1917.833058402214,100.58161446767068
1945.7285825909298,100.62723605384325
1974.0298565222283,100.66995307131307
2002.7427819620161,100.7124009389539
2031.8733465193618,100.74919740372039
2061.4276248951132,100.78422619847758
2091.411780148677,100.81545990821641
2121.832064983222,100.8432038203062
2152.694823049581,100.86860179282675
2184.0064902691106,100.8907571943364
2215.7735961758003,100.90936625119421
2248.002765277899,100.92582389608575
2280.7007184393456,100.93919012518627
2313.874274281297,100.94688951057836
2347.530350604038,100.9523747615214
2381.6759658295764,100.95586935119088
2416.318240465218,100.958012968598
2451.4643985884327,100.95830883036342
2487.1217693533167,100.9577307429426
2523.2977885189675,100.95747980637705
2560.0000000000887,100.956097
2597.236057440151,100.95627846316374
2635.0137258074315,100.9592714740748
2673.340883014273,100.96345567605901
2712.225521559891,100.97115418255733
2751.6757501970797,100.98363503026575
2791.699795623158,100.99899444137773
2832.3060041955137,101.02026212237413
2873.502843672097,101.04790423345601
2915.2989049772345,101.08218910826395
2957.7029039931244,101.12298244212181
3000.723683377391,101.1708357160096
3044.370214407075,101.22889531701603
3088.6515988494466,101.29621290694539
3133.57707086003,101.37107710876737
3179.1559989082334,101.45550184782346
3225.3978877309914,101.54612667193769
3272.3123803148205,101.64367155091799
3319.9092599067053,101.74835855377924
3368.198452054235,101.85864492714552
3417.190026675413,101.9763454834093
3466.8942001585724,102.10539962744357
3517.3213374928373,102.25677956045914
3568.4819544295697,102.43613237872273
3620.386719675257,102.64586617202231
3673.0464571162966,102.87680690866105
3726.472148076138,103.12012907318804
3780.6749336052594,103.37173219553557
3835.6661168044484,103.62817937980853
3891.45716518188,103.88836458509526
3948.059713044477,104.15301404281793
4005.4855639240527,104.4193328149556
4063.746693038744,104.68793463255732
4122.855249790247,104.95784654291296
4182.823560297375,105.22525884354144
4243.664129966465,105.48649695073757
4305.389646099183,105.73826639585837
4368.012980538242,105.97623836448747
4431.5471923516225,106.18756164822679
4496.00553055582,106.37295187649958
4561.401436878714,106.51713779452814
4627.748548562617,106.6179148402387
4695.060701208099,106.66138345818932
4763.351931659176,106.64681078790368
4832.63648093046,106.56793770136812
4902.928797176889,106.4134400237095
4974.243538706657,106.19913017262273
5046.595577037959,105.92022004636793
5120.000000000202,105.59564228571334
5194.472114880326,105.23183417696654
5270.027451614888,104.83771150270395
5346.6817660285715,104.4207228502751
5424.451043119808,103.9830202678173
5503.351500394186,103.52421535832389
5583.399591246343,103.02885826918322
5664.612008391055,102.43550213278596
5747.005687344222,101.51765683683567
5830.597809954497,101.14842846651517
5915.405807986278,101.96713682624973
6001.447366754812,101.92885698325053
6088.740428814181,101.51982795855476
6177.303197698925,101.18074153035136
6267.154141720092,100.91836098785203
6358.3119978165005,100.72951657228782
6450.795775462017,100.60591601420867
6544.624760629676,100.54945600131337
6639.818519813445,100.56058444904366
6736.396904108505,100.63985673718383
6834.380053350861,100.79170218698874
6933.788400317181,101.02144623756043
7034.642674985712,101.33078397637532
7136.963908859177,101.73350715723758
7240.773439350552,102.24331363353816
7346.092914232631,102.86851647687116
7452.944296152315,103.61384692992988
7561.349867210557,104.49182281478575
7671.332233608935,105.47596762307333
7782.914330363799,106.50038441439511
7896.119426088994,107.43446886757982
8010.971127848146,107.96835675102001
8127.49338607753,107.79698494091357
8245.710499580537,106.9050295446341
8365.647120594791,105.602582952373
8487.328259932974,104.19715028360625
8610.77929219841,102.8113939818871
8736.025961076528,101.51653716817677
8863.094384703289,100.34660697048194
8992.011061111683,99.31759749716817
9122.802873757471,98.43647309789996
9255.497097125279,97.70206961798479
9390.121402416245,97.09442649402544
9526.7038633184,96.58435981119214
9665.272961860968,96.17306347113315
9805.857594353829,95.86965542562322
9948.487077413367,95.66797826534342
10093.19115407597,95.59324319099505
10240.000000000457,95.63756740000028
10388.944229760706,95.79986851152917
10540.05490322983,96.09786045639457
10693.363532057198,96.53288199973848
10848.902086239672,97.1196648781649
11006.703000788428,97.86301020559651
11166.799182492743,98.74060985298466
11329.224016782166,99.72840261402315
11494.0113746885,100.69551985796113
11661.195619909053,101.29686172198164
11830.811615972614,101.39610935214122
12002.894733509682,100.71289172173267
12177.48085762842,99.66039924747476
12354.606395397908,98.33351835172212
12534.308283440243,97.04658459586673
12716.62399563306,95.9185544596364
12901.591550924093,95.00941464113288
13089.249521259411,94.20316200971547
13279.637039626952,93.60178790684263
13472.793808217073,93.22645397102472
13668.760106701786,93.06727641074983
13867.576800634426,93.12093721678151
14069.285349971487,93.42478813243167
14273.927817718419,93.94154174200439
14481.54687870117,94.80438785992041
14692.18582846533,96.06315911269105
14905.888592304698,97.7679289813424
15122.699734421185,99.69196721136184
15342.664467217943,100.19193129788268
15565.828660727671,96.30364679522175
15792.238852178061,90.07338860494515
16021.942255696367,97.85548940000888
16254.986772155136,99.05300982875147
16491.42099916115,99.1886956486826
16731.294241189662,99.5330072170442
16974.65651986603,100.15093950093762
17221.558584396902,100.31575562694808
17472.051922153143,97.92061481516286
17726.188769406665,93.34125679216868
17984.022122223458,88.61825092713477
18245.605747515034,84.32303928413006
18510.99419425065,80.33401982434465
18780.242804832582,76.5414597494822
19053.40772663689,72.69691919625889
19330.545923722028,68.64275292412026
19611.71518870775,63.901380261207606
19896.974154826825,61.265362
20186.382308152035,61.265362